001    380.858 0.000000000000000000
002    388.261 0.000000000000000000
003    395.668 0.000000000000000000
004    403.078 0.000000000000000000
005    410.490 0.000000000000000000
006    417.906 0.000000000000000000
007    425.324 0.000000000000000000
008    432.745 0.000000000000000000
009    440.170 0.000000000000000000
010    447.595 0.000000000000000000
011    455.023 0.000000000000000000
012    462.451 0.000000000000000000
013    469.883 0.000000000000000000
014    477.315 0.000000000000000000
015    484.750 0.000000000000000000
016    492.185 0.000000000000000000
017    499.624 0.000000000000000000
018    507.062 0.000000000000000000
019    514.503 0.000000000000000000
020    521.943 0.000000000000000000
021    529.386 0.000000000000000000
022    536.829 0.000000000000000000
023    544.274 0.000000000000000000
024    551.719 0.000000000000000000
025    559.166 0.000000000000000000
026    566.614 0.000000000000000000
027    574.061 0.000000000000000000
028    581.511 0.000000000000000000
029    588.960 0.000000000000000000
030    596.411 0.000000000000000000
031    603.862 0.000000000000000000
032    611.315 0.000000000000000000
033    618.767 0.000000000000000000
034    626.220 0.000000000000000000
035    633.674 0.000000000000000000
036    641.128 0.000000000000000000
037    648.583 0.000000000000000000
038    656.038 0.000000000000000000
039    663.493 0.000000000000000000
040    670.950 0.000000000000000000
041    678.406 0.000000000000000000
042    685.863 0.000000000000000000
043    693.320 0.000000000000000000
044    700.777 0.000000000000000000
045    708.236 0.000000000000000000
046    715.693 0.000000000000000000
047    723.152 0.000000000000000000
048    730.611 0.000000000000000000
049    738.069 0.000000000000000000
050    745.529 0.000000000000000000
051    752.988 0.000000000000000000
052    760.449 0.000000000000000000
053    767.908 0.000000000000000000
054    775.368 0.000000000000000000
055    782.830 0.000000000000000000
056    790.290 0.000000000000000000
057    797.752 0.000000000000000000
058    805.214 0.000000000000000000
059    812.675 0.000000000000000000
060    820.137 0.000000000000000000
061    827.598 0.000000000000000000
062    835.060 0.000000000000000000
063    842.522 0.000000000000000000
064    849.984 0.000000000000000000
065    857.446 0.000000000000000000
066    864.907 0.000000000000000000
067    872.370 0.000000000000000000
068    879.832 0.000000000000000000
069    887.294 0.000000000000000000
070    894.756 0.000000000000000000
071    902.219 0.000000000000000000
072    909.681 0.000000000000000000
073    917.144 0.000000000000000000
074    924.606 0.000000000000000000
075    932.069 0.000000000000000000
076    939.531 0.000000000000000000
077    946.993 0.000000000000000000
078    954.455 0.000000000000000000
079    961.917 0.000000000000000000
080    969.379 0.000000000000000000
081    976.841 0.000000000000000000
082    984.302 0.000000000000000000
083    991.764 0.000000000000000000
084    999.225 0.000000000000000000
085   1006.687 0.000000000000000000
086   1014.147 0.000000000000000000
087   1021.609 0.000000000000000000
088   1029.069 0.000000000000000000
089   1036.530 0.000000000000000000
090   1043.991 0.000000000000000000
091   1051.451 0.000000000000000000
092   1058.912 0.000000000000000000
093   1066.372 0.000000000000000000
094   1073.832 0.000000000000000000
095   1081.293 0.000000000000000000
096   1088.752 0.000000000000000000
097   1096.212 0.000000000000000000
098   1103.671 0.000000000000000000
099   1111.130 0.000000000000000000
100   1118.589 0.000000000000000000
101   1126.049 0.000000000000000000
102   1133.507 0.000000000000000000
103   1140.965 0.000000000000000000
104   1148.424 0.000000000000000000
105   1155.883 0.000000000000000000
106   1163.340 0.000000000000000000
107   1170.798 0.000000000000000000
108   1178.256 0.000000000000000000
109   1185.714 0.000000000000000000
110   1193.171 0.000000000000000000
111   1200.628 0.000000000000000000
112   1208.085 0.000000000000000000
113   1215.542 0.000000000000000000
114   1222.999 0.000000000000000000
115   1230.456 0.000000000000000000
116   1237.912 0.000000000000000000
117   1245.368 0.000000000000000000
118   1252.825 0.000000000000000000
119   1260.281 0.000000000000000000
120   1267.736 0.000000000000000000
121   1275.192 -0.000000000459686238
122   1282.646 -0.000000000943983862
123   1290.103 -0.000000001934880461
124   1297.557 -0.000000003934038883
125   1305.013 -0.000000007972362742
126   1312.467 -0.000000016016898502
127   1319.921 -0.000000031973473196
128   1327.375 -0.000000063545232961
129   1334.828 -0.000000125463890458
130   1342.281 -0.000000248317865286
131   1349.734 -0.000000499006607449
132   1357.187 -0.000001061264165023
133   1364.640 -0.000002588120764650
134   1372.091 -0.000007880981856037
135   1379.543 -0.000030008645038052
136   1386.994 -0.000127418704995222
137   1394.445 -0.000526012396960503
138   1401.896 -0.001810745719088641
139   1409.346 -0.004121877421334598
140   1416.796 -0.006520251666746675
141   1424.246 -0.011849635008995793
142   1431.695 -0.010125186128436756
143   1439.144 -0.004876291722388462
144   1446.593 -0.003662714807296826
145   1454.041 -0.002747197703449934
146   1461.490 -0.002116347656232032
147   1468.937 -0.002153058799950033
148   1476.384 -0.002724029451034683
149   1483.832 -0.001578270759480857
150   1491.278 -0.000944822498757547
151   1498.725 -0.000600285929614055
152   1506.172 -0.000463762076744452
153   1513.617 -0.000346159725104216
154   1521.063 -0.000232911751021259
155   1528.507 -0.000153148069780122
156   1535.953 -0.000110076662185788
157   1543.398 -0.000081493341774629
158   1550.841 -0.000060194596078748
159   1558.285 -0.000073245453508630
160   1565.729 -0.000078041252014155
161   1573.172 -0.000049822157854224
162   1580.614 -0.000041856428432002
163   1588.057 -0.000084042576723923
164   1595.499 -0.000282732936839605
165   1602.941 -0.001100699860418775
166   1610.382 -0.004266146034783929
167   1617.823 -0.014864161974155703
168   1625.263 -0.042616019027133613
169   1632.704 -0.085454968795712169
170   1640.143 -0.098986588499101302
171   1647.583 -0.103308743178273821
172   1655.022 -0.083365740312526915
173   1662.460 -0.116000954817463767
174   1669.898 -0.134970170238368187
175   1677.336 -0.062309482731837153
176   1684.773 -0.068997664868401337
177   1692.210 -0.086363015358226713
178   1699.647 -0.113002034632097959
179   1707.084 -0.135315745949793009
180   1714.519 -0.068736387008442826
181   1721.955 -0.085210929815798947
182   1729.391 -0.110949982612844805
183   1736.825 -0.074419758276404541
184   1744.259 -0.050514136014157184
185   1751.694 -0.035726154733715473
186   1759.127 -0.032610819597749578
187   1766.561 -0.044592176854645914
188   1773.994 -0.065689935609818978
189   1781.427 -0.042555102052190485
190   1788.859 -0.061887113762422119
191   1796.291 -0.053190449046676060
192   1803.722 -0.018590255051227605
193   1811.153 -0.016859575333693564
194   1818.584 -0.007034696626431804
195   1826.013 -0.000182273575412469
196   1833.443 -0.000004908489767844
197   1840.873 -0.000000004301114372
198   1848.302 -0.000000000000060589
199   1855.730 -0.000000000000001307
200   1863.157 -0.000000000000002440
201   1870.585 0.000000000000000265
202   1878.012 -0.000000000000004781
203   1885.439 -0.000000000000006031
204   1892.865 -0.000000000000003075
205   1900.291 -0.000000000000301671
206   1907.716 -0.000000000598245676
207   1915.141 -0.000000148260465404
208   1922.566 -0.000004997348238920
209   1929.990 -0.000100096368181801
210   1937.413 -0.000597378111688278
211   1944.836 -0.000865272991677519
212   1952.259 -0.000534518412788807
213   1959.682 -0.000567252719833671
214   1967.104 -0.000855303309991687
215   1974.525 -0.000672943856095774
216   1981.947 -0.000564448049768949
217   1989.367 -0.000286138856235472
218   1996.788 -0.000199622397630294
219   2004.207 -0.000179172985432436
220   2011.627 -0.000125327253613037
221   2019.045 -0.000184123877186069
222   2026.464 -0.000123528596722289
223   2033.883 -0.000096210733978282
224   2041.299 -0.000056636119971458
225   2048.717 -0.000046872971965497
226   2056.133 -0.000034043765265845
227   2063.549 -0.000035466482957308
228   2070.965 -0.000056216806197998
229   2078.379 -0.000063895798541285
230   2085.794 -0.000074686894195203
231   2093.208 -0.000106958658323702
232   2100.621 -0.000172909765623071
233   2108.034 -0.000352051901100492
234   2115.447 -0.000931882849915406
235   2122.859 -0.002541383107440936
236   2130.270 -0.006502059215158172
237   2137.681 -0.014707190113301587
238   2145.091 -0.027637644265703500
239   2152.500 -0.049539414318181423
240   2159.910 -0.071821725474618375
241   2167.319 -0.083964486849225153
242   2174.728 -0.077347085585502698
243   2182.135 -0.052799955655947729
244   2189.543 -0.039704010165898439
245   2196.949 -0.251948881644872502
246   2204.356 -0.360036728392048644
247   2211.761 -0.105063343175085450
248   2219.167 -0.165209236065650827
249   2226.572 -0.239957538028204742
250   2233.975 -0.353669228801659019
251   2241.379 -0.431757348608854619
252   2248.782 -0.505595695876307594
253   2256.185 -0.556715082105683434
254   2263.587 -0.592206099209339420
255   2270.989 -0.526150485915911847
256   2278.390 -0.539505238952716182
257   2285.791 -0.621281298193888110
258   2293.191 -0.823728605235076627
259   2300.590 -0.902974448848140820
260   2307.988 -0.494772499572753266
261   2315.386 -0.536353998610922700
262   2322.785 -0.743953337845065898
263   2330.182 -0.555291634840090698
264   2337.579 -0.830093455857222273
265   2344.974 -1.145386813374950963
266   2352.369 -1.008540543966650826
267   2359.765 -0.534841294091944697
268   2367.159 -0.616111921046995303
269   2374.553 -1.002715503554240772
270   2381.946 -0.554567526067317518
271   2389.338 -0.551042869929366907
272   2396.730 -0.526539017273753740
273   2404.122 -0.401171075819619749
274   2411.513 -0.234298179235865323
275   2418.904 -0.217091909848552173
276   2426.292 -0.255626345040739500
277   2433.683 -0.154117052983907293
278   2441.071 -0.114908270588628972
279   2448.459 -0.110019480551651366
280   2455.847 -0.081101943084297801
281   2463.234 -0.056205621736367770
282   2470.620 -0.043048939889642791
283   2478.005 -0.025945240498582135
284   2485.391 -0.018637803119136580
285   2492.776 -0.014835041322290769
