001    381.006 0.000000000000000000
002    388.409 0.000000000000000000
003    395.816 0.000000000000000000
004    403.225 0.000000000000000000
005    410.638 0.000000000000000000
006    418.054 0.000000000000000000
007    425.472 0.000000000000000000
008    432.893 0.000000000000000000
009    440.317 0.000000000000000000
010    447.743 0.000000000000000000
011    455.170 0.000000000000000000
012    462.599 0.000000000000000000
013    470.030 0.000000000000000000
014    477.463 0.000000000000000000
015    484.897 0.000000000000000000
016    492.333 0.000000000000000000
017    499.771 0.000000000000000000
018    507.210 0.000000000000000000
019    514.650 0.000000000000000000
020    522.091 0.000000000000000000
021    529.533 0.000000000000000000
022    536.977 0.000000000000000000
023    544.421 0.000000000000000000
024    551.867 0.000000000000000000
025    559.314 0.000000000000000000
026    566.762 0.000000000000000000
027    574.209 0.000000000000000000
028    581.659 0.000000000000000000
029    589.108 0.000000000000000000
030    596.558 0.000000000000000000
031    604.010 0.000000000000000000
032    611.462 0.000000000000000000
033    618.915 0.000000000000000000
034    626.368 0.000000000000000000
035    633.821 0.000000000000000000
036    641.276 0.000000000000000000
037    648.730 0.000000000000000000
038    656.186 0.000000000000000000
039    663.641 0.000000000000000000
040    671.098 0.000000000000000000
041    678.554 0.000000000000000000
042    686.010 0.000000000000000000
043    693.468 0.000000000000000000
044    700.925 0.000000000000000000
045    708.384 0.000000000000000000
046    715.841 0.000000000000000000
047    723.299 0.000000000000000000
048    730.759 0.000000000000000000
049    738.217 0.000000000000000000
050    745.677 0.000000000000000000
051    753.136 0.000000000000000000
052    760.596 0.000000000000000000
053    768.056 0.000000000000000000
054    775.516 0.000000000000000000
055    782.978 0.000000000000000000
056    790.438 0.000000000000000000
057    797.899 0.000000000000000000
058    805.362 0.000000000000000000
059    812.823 0.000000000000000000
060    820.285 0.000000000000000000
061    827.746 0.000000000000000000
062    835.207 0.000000000000000000
063    842.670 0.000000000000000000
064    850.131 0.000000000000000000
065    857.594 0.000000000000000000
066    865.055 0.000000000000000000
067    872.518 0.000000000000000000
068    879.980 0.000000000000000000
069    887.441 0.000000000000000000
070    894.904 0.000000000000000000
071    902.366 0.000000000000000000
072    909.829 0.000000000000000000
073    917.291 0.000000000000000000
074    924.754 0.000000000000000000
075    932.216 0.000000000000000000
076    939.679 0.000000000000000000
077    947.140 0.000000000000000000
078    954.603 0.000000000000000000
079    962.064 0.000000000000000000
080    969.527 0.000000000000000000
081    976.988 0.000000000000000000
082    984.450 0.000000000000000000
083    991.911 0.000000000000000000
084    999.373 0.000000000000000000
085   1006.834 0.000000000000000000
086   1014.295 0.000000000000000000
087   1021.757 0.000000000000000000
088   1029.217 0.000000000000000000
089   1036.678 0.000000000000000000
090   1044.138 0.000000000000000000
091   1051.599 0.000000000000000000
092   1059.060 0.000000000000000000
093   1066.520 0.000000000000000000
094   1073.980 0.000000000000000000
095   1081.440 0.000000000000000000
096   1088.900 0.000000000000000000
097   1096.360 0.000000000000000000
098   1103.818 0.000000000000000000
099   1111.278 0.000000000000000000
100   1118.737 0.000000000000000000
101   1126.196 0.000000000000000000
102   1133.655 0.000000000000000000
103   1141.113 0.000000000000000000
104   1148.572 0.000000000000000000
105   1156.030 0.000000000000000000
106   1163.488 0.000000000000000000
107   1170.946 0.000000000000000000
108   1178.404 0.000000000000000000
109   1185.862 0.000000000000000000
110   1193.318 0.000000000000000000
111   1200.776 0.000000000000000000
112   1208.233 0.000000000000000000
113   1215.690 0.000000000000000000
114   1223.147 0.000000000000000000
115   1230.604 0.000000000000000000
116   1238.060 0.000000000000000000
117   1245.515 0.000000000000000000
118   1252.972 0.000000000000000000
119   1260.428 0.000000000000000000
120   1267.883 0.000000000000000000
121   1275.339 0.000000000000000000
122   1282.794 0.000000000000000000
123   1290.250 0.000000000000000000
124   1297.705 0.000000000000000000
125   1305.160 0.000000000000000000
126   1312.614 0.000000000000000000
127   1320.068 0.000000000000000000
128   1327.523 0.000000000000000000
129   1334.976 0.000000000000000000
130   1342.429 0.000000000000000000
131   1349.882 0.000000000000000000
132   1357.335 0.000000000000000000
133   1364.787 0.000000000000000000
134   1372.238 0.000000000000000000
135   1379.691 0.000000000000000000
136   1387.142 0.000000000000000000
137   1394.593 0.000000000000000000
138   1402.043 0.000000000000000000
139   1409.494 0.000000000000000000
140   1416.944 -0.000005391163574786
141   1424.393 -0.000784266791957644
142   1431.843 -0.006224855201086177
143   1439.292 -0.009846800875423445
144   1446.740 -0.014477410362810694
145   1454.189 -0.010189930614864728
146   1461.637 -0.015805659728184041
147   1469.085 -0.028335145912633752
148   1476.532 -0.052744652248131407
149   1483.980 -0.085813041320850103
150   1491.426 -0.116040899548467191
151   1498.873 -0.122113560458139703
152   1506.319 -0.112084582115353770
153   1513.765 -0.141891489914728330
154   1521.210 -0.107830712478740320
155   1528.655 -0.081562245835721359
156   1536.101 -0.065235305355282991
157   1543.545 -0.044605260907104594
158   1550.989 -0.023631855289171555
159   1558.433 -0.010526711382383702
160   1565.877 -0.005000450814289237
161   1573.319 -0.002835432591797749
162   1580.762 -0.002821443365990883
163   1588.205 -0.001089147681720193
164   1595.647 -0.000028710328769166
165   1603.089 0.000000000000000000
166   1610.530 0.000000000000000000
167   1617.970 0.000000000000000000
168   1625.410 0.000000000000000000
169   1632.851 0.000000000000000000
170   1640.290 0.000000000000000000
171   1647.730 0.000000000000000000
172   1655.169 0.000000000000000000
173   1662.607 0.000000000000000000
174   1670.046 0.000000000000000000
175   1677.484 0.000000000000000000
176   1684.921 0.000000000000000000
177   1692.358 0.000000000000000000
178   1699.795 0.000000000000000000
179   1707.231 0.000000000000000000
180   1714.667 0.000000000000000000
181   1722.103 0.000000000000000000
182   1729.538 0.000000000000000000
183   1736.973 0.000000000000000000
184   1744.407 0.000000000000000000
185   1751.841 0.000000000000000000
186   1759.275 0.000000000000000000
187   1766.708 0.000000000000000000
188   1774.142 0.000000000000000000
189   1781.574 0.000000000000000000
190   1789.007 0.000000000000000000
191   1796.439 0.000000000000000000
192   1803.870 0.000000000000000000
193   1811.301 0.000000000000000000
194   1818.731 0.000000000000000000
195   1826.161 0.000000000000000000
196   1833.591 0.000000000000000000
197   1841.021 0.000000000000000000
198   1848.449 0.000000000000000000
199   1855.877 0.000000000000000000
200   1863.305 0.000000000000000000
201   1870.733 0.000000184960253113
202   1878.160 -0.000020516250409108
203   1885.587 -0.000427561597619142
204   1893.013 -0.001934868298672510
205   1900.439 -0.003347097904067065
206   1907.864 -0.014968391133181824
207   1915.289 -0.035967565014701552
208   1922.713 -0.037877540861256387
209   1930.137 -0.075633929775199671
210   1937.561 -0.141620221993562723
211   1944.984 -0.183819786616026826
212   1952.407 -0.215915598024936983
213   1959.829 -0.175512567370922246
214   1967.252 -0.223591363813388511
215   1974.673 -0.218975872610359112
216   1982.095 -0.229719285511253313
217   1989.515 -0.177116104585500200
218   1996.935 -0.173979413262400406
219   2004.355 -0.152642548067980610
220   2011.775 -0.164666572727775185
221   2019.193 -0.108943866518760646
222   2026.612 -0.072808694448122102
223   2034.030 -0.043976710954904075
224   2041.447 -0.027259547415151575
225   2048.865 -0.017724296177231258
226   2056.281 -0.012113204106587561
227   2063.696 -0.007570401236642321
228   2071.112 -0.005515944065340284
229   2078.527 -0.003393730313484444
230   2085.942 -0.000845837727144971
231   2093.356 -0.000057842870287872
232   2100.769 -0.000003518949101000
233   2108.182 0.000007791229672538
234   2115.594 0.000021114493340191
235   2123.006 -0.000022250188236650
236   2130.418 -0.000099876524332299
237   2137.829 -0.000233474597256200
238   2145.239 -0.000616020865455313
239   2152.648 -0.001523994658941263
240   2160.058 -0.003157898815497329
241   2167.467 -0.006240164280891025
242   2174.875 -0.012240771229565239
243   2182.283 -0.024833212291644702
244   2189.690 -0.056445478981339336
245   2197.097 -0.105200410821170265
246   2204.503 -0.156965132684082631
247   2211.909 -0.231479342547335931
248   2219.315 -0.217470982297881976
249   2226.719 -0.261101094979570902
250   2234.123 -0.206428601594615624
251   2241.527 -0.194292998817730433
252   2248.930 -0.235751339621028788
253   2256.333 -0.229015410305767775
254   2263.735 -0.201052857294217180
255   2271.137 -0.203374392967909046
256   2278.538 -0.220694968970462146
257   2285.939 -0.192187798718090663
258   2293.339 -0.186189743769751281
259   2300.738 -0.186138698437493977
260   2308.136 -0.149505398372674514
261   2315.534 -0.180974981123247947
262   2322.933 -0.148567015629341825
263   2330.330 -0.157349672716971090
264   2337.726 -0.085368632273163381
265   2345.122 -0.051154084770443364
266   2352.517 -0.035211219666393290
267   2359.913 -0.022837868796369176
268   2367.307 -0.018140923577425250
269   2374.701 -0.022567769089613665
270   2382.093 -0.015313708058136810
271   2389.486 -0.011191977532487352
272   2396.878 -0.015466074683224584
273   2404.270 -0.005851872064569830
274   2411.660 -0.006520829618649082
275   2419.051 -0.007487357228838865
276   2426.440 -0.002784963439583787
277   2433.830 -0.002497489086226268
278   2441.218 -0.000879160324608885
279   2448.606 -0.001130542515113353
280   2455.994 -0.000671790018256457
281   2463.382 -0.000433352293070843
282   2470.768 -0.000169980522905955
283   2478.153 -0.000072624563393742
284   2485.539 -0.000006950583117726
285   2492.924 -0.000000133052096674
