001    381.006 0.000000000000000000
002    388.409 0.000000000000000000
003    395.816 0.000000000000000000
004    403.225 0.000000000000000000
005    410.638 0.000000000000000000
006    418.054 0.000000000000000000
007    425.472 0.000000000000000000
008    432.893 0.000000000000000000
009    440.317 0.000000000000000000
010    447.743 0.000000000000000000
011    455.170 0.000000000000000000
012    462.599 0.000000000000000000
013    470.030 0.000000000000000000
014    477.463 0.000000000000000000
015    484.897 0.000000000000000000
016    492.333 0.000000000000000000
017    499.771 0.000000000000000000
018    507.210 0.000000000000000000
019    514.650 0.000000000000000000
020    522.091 0.000000000000000000
021    529.533 0.000000000000000000
022    536.977 0.000000000000000000
023    544.421 0.000000000000000000
024    551.867 0.000000000000000000
025    559.314 0.000000000000000000
026    566.762 0.000000000000000000
027    574.209 0.000000000000000000
028    581.659 0.000000000000000000
029    589.108 0.000000000000000000
030    596.558 0.000000000000000000
031    604.010 0.000000000000000000
032    611.462 0.000000000000000000
033    618.915 0.000000000000000000
034    626.368 0.000000000000000000
035    633.821 0.000000000000000000
036    641.276 0.000000000000000000
037    648.730 0.000000000000000000
038    656.186 0.000000000000000000
039    663.641 0.000000000000000000
040    671.098 0.000000000000000000
041    678.554 0.000000000000000000
042    686.010 0.000000000000000000
043    693.468 0.000000000000000000
044    700.925 0.000000000000000000
045    708.384 0.000000000000000000
046    715.841 0.000000000000000000
047    723.299 0.000000000000000000
048    730.759 0.000000000000000000
049    738.217 0.000000000000000000
050    745.677 0.000000000000000000
051    753.136 0.000000000000000000
052    760.596 0.000000000000000000
053    768.056 0.000000000000000000
054    775.516 0.000000000000000000
055    782.978 0.000000000000000000
056    790.438 0.000000000000000000
057    797.899 0.000000000000000000
058    805.362 0.000000000000000000
059    812.823 0.000000000000000000
060    820.285 0.000000000000000000
061    827.746 0.000000000000000000
062    835.207 0.000000000000000000
063    842.670 0.000000000000000000
064    850.131 0.000000000000000000
065    857.594 0.000000000000000000
066    865.055 0.000000000000000000
067    872.518 0.000000000000000000
068    879.980 0.000000000000000000
069    887.441 0.000000000000000000
070    894.904 0.000000000000000000
071    902.366 0.000000000000000000
072    909.829 0.000000000000000000
073    917.291 0.000000000000000000
074    924.754 0.000000000000000000
075    932.216 0.000000000000000000
076    939.679 0.000000000000000000
077    947.140 0.000000000000000000
078    954.603 0.000000000000000000
079    962.064 0.000000000000000000
080    969.527 0.000000000000000000
081    976.988 0.000000000000000000
082    984.450 0.000000000000000000
083    991.911 0.000000000000000000
084    999.373 0.000000000000000000
085   1006.834 0.000000000000000000
086   1014.295 0.000000000000000000
087   1021.757 0.000000000000000000
088   1029.217 0.000000000000000000
089   1036.678 0.000000000000000000
090   1044.138 0.000000000000000000
091   1051.599 0.000000000000000000
092   1059.060 0.000000000000000000
093   1066.520 0.000000000000000000
094   1073.980 0.000000000000000000
095   1081.440 0.000000000000000000
096   1088.900 0.000000000000000000
097   1096.360 0.000000000000000000
098   1103.818 0.000000000000000000
099   1111.278 0.000000000000000000
100   1118.737 0.000000000000000000
101   1126.196 0.000000000000000000
102   1133.655 0.000000000000000000
103   1141.113 0.000000000000000000
104   1148.572 0.000000000000000000
105   1156.030 0.000000000000000000
106   1163.488 0.000000000000000000
107   1170.946 -0.000000185537810005
108   1178.404 -0.000019948272451664
109   1185.862 -0.000067482712489353
110   1193.318 -0.000032915907494324
111   1200.776 -0.000003567399153859
112   1208.233 0.000003360189962498
113   1215.690 0.000000546841335103
114   1223.147 0.000001442455578760
115   1230.604 0.000000000000000000
116   1238.060 0.000000000000000000
117   1245.515 0.000000000000000000
118   1252.972 0.000000000000000000
119   1260.428 0.000000000000000000
120   1267.883 0.000000000000000000
121   1275.339 0.000000000000000000
122   1282.794 0.000000000000000000
123   1290.250 0.000000000000000000
124   1297.705 0.000000000000000000
125   1305.160 0.000000000000000000
126   1312.614 0.000000000000000000
127   1320.068 0.000000000000000000
128   1327.523 0.000000000000000000
129   1334.976 0.000000000000000000
130   1342.429 0.000000000000000000
131   1349.882 0.000000000000000000
132   1357.335 0.000000000000000000
133   1364.787 0.000000000000000000
134   1372.238 0.000000000000000000
135   1379.691 0.000000000000000000
136   1387.142 0.000000000000000000
137   1394.593 0.000000000000000000
138   1402.043 0.000000000000000000
139   1409.494 0.000000000000000000
140   1416.944 0.000000000000000000
141   1424.393 0.000000000000000000
142   1431.843 0.000000000000000000
143   1439.292 0.000000000000000000
144   1446.740 0.000000000000000000
145   1454.189 0.000000000000000000
146   1461.637 0.000000000000000000
147   1469.085 0.000000000000000000
148   1476.532 0.000000000000000000
149   1483.980 0.000000000000000000
150   1491.426 0.000000000000000000
151   1498.873 0.000000000000000000
152   1506.319 0.000000000000000000
153   1513.765 0.000000000000000000
154   1521.210 0.000000000000000000
155   1528.655 0.000000000000000000
156   1536.101 0.000000000000000000
157   1543.545 0.000000000000000000
158   1550.989 -0.000052286831815351
159   1558.433 -0.003770255653034571
160   1565.877 -0.019406229223934979
161   1573.319 -0.013168677360278713
162   1580.762 -0.010870865037820754
163   1588.205 -0.007139353288454497
164   1595.647 -0.002249845763546254
165   1603.089 -0.000794539754058299
166   1610.530 -0.000273242243035932
167   1617.970 -0.000162033309611065
168   1625.410 -0.000076409692085555
169   1632.851 -0.000040248366530271
170   1640.290 -0.000010054470091725
171   1647.730 0.000005398390415801
172   1655.169 0.000006829398042418
173   1662.607 -0.000001836067789029
174   1670.046 0.000001123057951968
175   1677.484 0.000000383011010463
176   1684.921 0.000000388506425919
177   1692.358 0.000001964431222579
178   1699.795 -0.000000801684820861
179   1707.231 -0.000002901104657727
180   1714.667 -0.000000421691471852
181   1722.103 0.000000000000000000
182   1729.538 0.000000455117040277
183   1736.973 0.000000000000000000
184   1744.407 0.000000000000000000
185   1751.841 0.000000000000000000
186   1759.275 0.000000000000000000
187   1766.708 0.000000000000000000
188   1774.142 0.000000000000000000
189   1781.574 0.000000000000000000
190   1789.007 0.000000000000000000
191   1796.439 0.000000000000000000
192   1803.870 0.000000000000000000
193   1811.301 0.000000000000000000
194   1818.731 0.000000000000000000
195   1826.161 0.000000000000000000
196   1833.591 0.000000000000000000
197   1841.021 0.000000000000000000
198   1848.449 0.000000000000000000
199   1855.877 0.000000000000000000
200   1863.305 0.000000000000000000
201   1870.733 0.000000000000000000
202   1878.160 0.000000000000000000
203   1885.587 0.000000000000000000
204   1893.013 0.000000000000000000
205   1900.439 0.000000000000000000
206   1907.864 0.000000000000000000
207   1915.289 0.000000000000000000
208   1922.713 0.000000000000000000
209   1930.137 0.000000000000000000
210   1937.561 0.000000000000000000
211   1944.984 0.000000000000000000
212   1952.407 0.000000000000000000
213   1959.829 0.000000000000000000
214   1967.252 0.000000000000000000
215   1974.673 0.000000000000000000
216   1982.095 0.000000000000000000
217   1989.515 0.000000000000000000
218   1996.935 0.000000000000000000
219   2004.355 0.000000000000000000
220   2011.775 0.000000000000000000
221   2019.193 0.000000000000000000
222   2026.612 0.000000000000000000
223   2034.030 0.000000000000000000
224   2041.447 0.000000000000000000
225   2048.865 0.000000000000000000
226   2056.281 0.000000000000000000
227   2063.696 0.000000000000000000
228   2071.112 0.000000000000000000
229   2078.527 0.000000000000000000
230   2085.942 0.000000000000000000
231   2093.356 0.000000000000000000
232   2100.769 0.000000000000000000
233   2108.182 0.000000000000000000
234   2115.594 0.000000000000000000
235   2123.006 0.000000000000000000
236   2130.418 0.000000000000000000
237   2137.829 0.000000000000000000
238   2145.239 0.000000000000000000
239   2152.648 0.000000000000000000
240   2160.058 0.000000000000000000
241   2167.467 0.000000000000000000
242   2174.875 0.000000000000000000
243   2182.283 0.000000000000000000
244   2189.690 0.000000000000000000
245   2197.097 0.000000000000000000
246   2204.503 0.000000000000000000
247   2211.909 0.000000000000000000
248   2219.315 0.000000000000000000
249   2226.719 0.000000000000000000
250   2234.123 0.000000000000000000
251   2241.527 0.000000000000000000
252   2248.930 0.000000000000000000
253   2256.333 0.000000000000000000
254   2263.735 0.000000000000000000
255   2271.137 0.000000000000000000
256   2278.538 0.000000000000000000
257   2285.939 -0.000001886640572213
258   2293.339 -0.000273366158546007
259   2300.738 -0.011684741565836876
260   2308.136 -0.089024820179648634
261   2315.534 -0.214179056226220133
262   2322.933 -0.357037245540531289
263   2330.330 -0.421915292462767377
264   2337.726 -0.402191132789238459
265   2345.122 -0.226491198385813997
266   2352.517 -0.249767894792238154
267   2359.913 -0.312630945410356964
268   2367.307 -0.299839721088201117
269   2374.701 -0.241005468882591001
270   2382.093 -0.176606727297684563
271   2389.486 -0.138559842848806847
272   2396.878 -0.091690561960523387
273   2404.270 -0.053175418721409407
274   2411.660 -0.054813706398346929
275   2419.051 -0.045802938685172934
276   2426.440 -0.027047553510617384
277   2433.830 -0.014600342080925977
278   2441.218 -0.007393851368154292
279   2448.606 -0.003460740252064998
280   2455.994 -0.001298122608211161
281   2463.382 -0.000529070463469061
282   2470.768 -0.000239500646880941
283   2478.153 -0.000104520486506110
284   2485.539 -0.000048654081823418
285   2492.924 -0.000041645306261273
